Table 5 - Bus Load Data

  Area/Bus number       % of       Load      If peak load 10% higher
 1       2       3    Sys Load  MW     MVar     MW       MVar
----------------------------------------------------------------
101     201     301     3.8    108     22     118.8     24.2
102     202     302     3.4     97     20     106.7     22.0
103     203     303     6.3    180     37     198.0     40.7
104     204     304     2.6     74     15      81.4     16.5
105     205     305     2.5     71     14      78.1     15.4
106     206     306     4.8    136     28     149.6     30.8
107     207     307     4.4    125     25     137.5     27.5
108     208     308     6.0    171     35     188.1     38.5
109     209     309     6.1    175     36     192.5     39.6
110     210     310     6.8    195     40     214.5     44.0
113     213     313     9.3    265     54     291.5     59.4
114     214     314     6.8    194     39     213.4     42.9
115     215     315    11.1    317     64     348.7     70.4
116     216     316     3.5    100     20     110.0     22.0
118     218     318    11.7    333     68     366.3     74.8
119     219     319     6.4    181     37     199.1     40.7
120     220     320     4.5    128     26     140.8     28.6
-----------------------------------------------------------------
Total                 100     2850    580    3135      638
